31 6 7 10
9 0 23 1 20 14 18
15 7 15 21 5 5 9
16 30 14 13 8 29 20
19 23 11 23 2 29 3
24 7 29 1 17 14 8
18 1 27 17 14 29 16
20 8 14 12 22 3 14
9 20 14 10 6 0 1
10 18 30 27 19 10 10
28 23 23 27 17 9 28
27 1 22 15 27 13 0
23 20 7 11 6 5 2
2 11 20 16 24 20 24
21 15 9 12 19 3 13
9 10 26 19 0 1 30
28 23 28 20 27 17 29
14 1 15 11 1 18 21
2 24 23 0 30 11 3
26 10 26 5 6 29 10
4 30 11 4 22 16 13
28 11 22 24 5 8 23
20 28 19 4 27 28 15
7 27 16 21 6 3 7
7 23 6 3 2 25 2
26 20 27 1 18 0 13
4 13 30 28 18 5 14
24 9 1 30 11 16 28
23 6 1 15 6 9 24
2 19 21 14 16 26 5
9 20 14 23 30 23 11
1 7 8 30 21 24 17
26 2 25 3 2 20 20
6 6 0 7 4 21 30
24 30 6 1 3 22 15
1 19 4 13 5 10 4
1 18 11 11 15 29 30
3 26 0 7 16 1 10
6 6 21 3 23 10 8
16 19 17 0 21 2 20
15 11 16 24 21 19 4
19 2 21 26 16 0 6
12 25 8 10 26 16 7
13 14 5 5 25 5 14
3 8 5 3 16 4 8
16 26 23 2 18 20 20
5 2 25 2 27 4 27
16 16 7 17 22 20 7
13 22 30 0 26 20 15
17 30 17 17 15 6 27
21 22 7 12 28 16 13
11 10 30 1 22 14 23
26 13 9 12 23 7 30
7 1 5 13 12 18 29
19 15 13 14 4 30 19
25 4 19 4 29 27 21
9 1 24 1 8 23 30
13 1 22 17 19 28 20
18 4 15 12 6 0 16
2 2 2 15 30 20 17
27 0 0 23 16 22 11
18 17 27 2 20 22 9
8 26 13 20 15 3 5
23 25 16 8 17 7 18
10 26 9 5 2 14 8
29 0 1 14 17 11 13
5 0 13 3 17 9 8
27 28 4 6 14 13 0
20 18 27 1 9 21 2
24 30 6 9 16 26 18
30 25 14 4 8 5 0
8 12 30 26 9 7 10
25 7 25 26 18 17 6
14 10 22 22 2 20 4
1 17 28 7 15 2 28
13 8 15 19 19 7 13
22 15 11 8 12 12 17
2 8 13 25 6 25 0
3 4 12 7 3 20 6
9 3 0 1 0 13 20
25 23 14 22 3 0 12
2 7 21 13 17 30 27
25 10 10 2 15 28 28
21 8 2 13 12 30 21
24 26 4 11 25 20 19
24 30 0 23 20 21 26
16 8 13 14 2 10 26
19 21 10 13 26 23 2
12 8 1 21 24 4 30
19 30 1 30 19 10 24
20 11 1 23 11 22 8
2 3 16 25 10 9 14
1 20 4 0 7 16 20
7 17 8 25 5 6 6
12 9 2 8 9 20 21
28 10 15 3 25 25 25
28 13 17 11 28 10 16
23 22 15 28 1 3 14
13 9 4 25 22 24 21
18 17 22 9 25 24 23
12 23 0 10 21 5 28
6 23 13 8 14 12 8
1 20 9 30 14 6 28
23 24 22 30 11 7 4
11 14 3 17 29 26 19
3 8 10 11 15 16 21
17 24 28 28 14 11 22
25 12 5 21 21 2 16
23 20 0 17 7 18 4
2 21 14 13 18 26 16
12 17 13 9 21 1 13
5 0 13 14 13 6 6
18 25 23 12 12 17 6
18 12 26 3 0 10 14
14 13 28 22 23 1 3
18 13 30 25 29 12 5
16 12 25 3 19 26 3
15 18 16 13 26 21 29
22 17 16 11 24 15 16
27 27 15 8 14 7 7
1 26 12 18 26 3 8
