31 5 6 8
28 5 11 10 2 25
22 20 4 5 7 14
30 9 18 12 16 27
22 17 17 6 12 0
8 12 5 1 17 9
6 19 22 26 7 22
18 16 17 6 25 16
12 1 7 25 28 18
23 14 12 26 13 14
13 24 0 20 26 23
22 17 0 6 5 6
24 30 18 8 27 5
7 5 25 14 23 15
3 14 19 3 9 28
11 3 8 27 14 9
14 8 2 24 30 0
26 0 3 26 16 3
15 6 26 29 19 15
1 20 6 30 18 21
30 9 27 3 28 22
6 18 1 24 18 6
5 25 21 6 6 14
20 21 6 1 15 7
20 10 11 15 7 17
30 13 5 28 28 23
29 21 1 15 4 3
25 9 29 11 29 25
4 7 13 4 0 23
24 23 21 24 1 22
24 4 1 15 3 26
6 24 26 29 24 17
9 23 14 9 16 0
14 14 16 21 1 6
28 24 11 23 25 5
18 13 19 29 23 7
13 5 15 28 15 10
22 7 16 1 22 3
16 2 17 22 24 4
11 14 26 10 29 28
15 20 15 1 30 1
25 2 30 23 0 24
15 30 27 0 4 24
16 23 3 22 16 2
18 8 0 10 15 27
5 11 29 1 3 1
27 1 21 24 26 22
24 9 22 24 6 10
28 25 21 11 22 8
15 9 16 29 7 4
1 9 23 24 2 28
4 5 9 8 27 11
30 21 4 5 15 20
20 21 7 21 2 28
26 15 22 11 4 21
8 26 26 5 25 28
21 22 30 27 18 10
25 25 11 20 10 1
11 23 19 10 22 29
25 6 9 7 10 23
29 4 25 2 19 20
27 24 8 27 10 28
21 6 14 30 6 14
13 14 24 15 16 25
17 3 15 28 25 26
8 20 1 19 7 3
5 26 29 30 15 17
19 17 2 24 11 1
4 12 23 8 15 1
1 23 30 20 19 22
10 21 5 20 0 6
10 2 0 13 17 19
17 25 4 15 3 19
30 22 30 16 5 15
6 21 3 21 19 3
25 28 21 20 23 10
28 10 2 16 5 8
16 20 4 24 19 5
14 16 1 14 7 25
5 16 9 3 13 19
19 7 29 7 4 16
