31 7 8 12
0 21 26 13 0 4 12 30
9 18 28 29 12 23 5 24
19 10 5 15 4 26 4 19
8 13 30 23 5 25 25 23
29 4 7 30 16 13 18 10
7 10 8 2 15 25 1 9
10 10 22 4 27 15 2 14
4 12 4 12 1 6 5 17
18 20 13 17 5 10 27 19
21 26 3 13 0 16 17 16
11 30 13 15 6 7 10 11
17 23 12 3 24 12 27 16
23 17 2 7 7 0 21 1
23 1 1 14 15 10 5 26
0 0 15 13 18 3 6 4
3 17 25 2 26 13 25 1
16 5 18 29 2 0 25 10
20 29 26 14 19 5 10 7
2 6 2 13 6 13 27 12
10 28 15 25 7 18 16 26
11 23 0 15 14 6 4 17
20 10 9 6 27 10 12 0
20 23 9 4 16 13 3 12
30 21 17 13 14 13 19 23
30 2 25 22 11 13 25 19
29 19 29 28 24 15 15 17
20 1 20 9 22 8 17 25
20 15 26 11 21 18 22 11
4 12 7 11 21 25 1 26
28 10 15 24 14 11 9 12
1 28 12 21 30 3 28 6
8 3 6 3 17 12 21 21
7 10 29 25 2 10 13 25
11 2 13 29 4 23 30 0
1 6 22 24 25 7 15 4
15 7 21 30 10 1 12 23
28 24 19 26 25 12 25 8
18 14 3 4 12 16 5 25
12 21 10 9 0 21 4 5
12 20 21 15 8 7 13 15
6 20 26 17 14 17 29 2
12 21 30 4 26 24 17 11
25 14 9 25 12 29 19 25
15 28 22 15 7 23 3 2
22 27 7 13 9 14 6 11
15 27 20 7 25 2 13 29
22 0 4 7 11 24 23 17
12 12 3 12 24 29 17 12
12 18 13 12 10 11 23 6
4 11 13 10 10 25 19 9
21 3 23 26 25 7 10 18
10 4 15 18 25 26 14 27
9 9 22 23 13 21 29 27
11 4 27 24 4 2 5 3
8 26 10 11 4 15 17 10
27 2 21 4 2 11 3 5
12 10 14 20 16 17 21 29
19 2 10 7 17 27 29 22
14 18 27 1 3 3 11 7
5 28 3 17 14 13 6 2
21 13 7 17 23 11 23 2
21 1 25 1 11 10 18 29
16 21 20 12 11 2 15 8
13 12 10 2 29 23 30 17
1 10 8 12 26 4 29 24
12 13 21 14 15 8 8 10
0 26 5 12 20 5 9 2
28 26 6 20 28 17 4 9
29 6 21 25 18 13 14 12
15 24 7 30 15 13 28 0
3 13 20 6 17 5 11 21
18 29 11 13 24 3 14 8
7 15 8 19 15 13 13 21
18 2 29 5 19 2 22 21
8 7 16 6 6 20 3 18
17 24 20 4 10 23 17 15
26 9 6 18 12 6 29 5
13 29 21 25 19 29 6 5
12 11 30 17 0 20 15 7
11 30 2 30 4 28 10 13
15 30 13 1 10 0 16 20
27 21 21 7 22 12 6 22
18 30 15 1 21 19 20 7
13 8 24 30 12 1 22 30
9 21 21 7 26 28 30 30
18 21 14 29 19 8 8 25
3 23 1 29 18 6 2 9
17 17 8 2 21 30 2 28
26 7 8 1 9 16 4 14
28 15 15 14 21 26 7 7
9 12 11 7 3 8 22 1
0 9 14 28 5 2 12 13
17 6 14 19 15 18 21 28
26 19 25 17 23 27 1 7
2 19 18 3 25 17 11 27
12 13 0 5 2 24 28 28
13 0 12 29 1 8 18 10
18 9 12 17 12 21 26 30
22 18 17 5 0 13 8 12
15 20 17 20 7 10 2 1
2 16 12 3 28 25 3 16
5 28 17 8 13 27 17 28
11 1 13 12 0 18 12 6
25 9 2 19 21 2 26 24
25 21 7 21 14 5 3 10
1 3 16 12 19 17 27 3
7 1 18 23 28 8 9 10
16 26 24 3 10 3 27 26
17 24 15 15 2 9 20 1
18 1 9 6 9 28 26 13
30 4 15 17 12 30 20 12
7 19 27 25 6 2 28 11
24 29 28 22 4 8 23 18
12 20 21 10 5 12 8 4
4 23 21 3 5 3 6 23
30 4 16 25 10 0 30 22
21 22 22 1 21 23 14 5
13 25 25 13 15 12 4 25
23 12 0 10 30 30 28 25
12 24 21 23 16 26 30 8
10 22 28 24 18 3 20 20
5 17 1 23 1 4 11 16
8 4 18 10 6 23 29 13
17 23 23 7 13 1 25 15
0 0 24 13 26 7 16 8
16 13 3 4 12 13 12 24
0 1 8 20 12 22 25 23
13 24 25 30 9 10 1 13
13 24 12 18 22 3 27 17
2 14 12 11 15 6 20 16
4 29 29 2 14 23 22 21
15 28 10 0 13 17 20 23
5 1 11 8 14 6 1 1
28 26 11 9 21 25 6 14
21 20 0 30 25 25 21 17
19 29 25 26 17 12 3 27
28 14 30 22 24 11 29 28
19 27 30 16 15 6 29 14
0 9 20 23 23 9 22 16
19 28 8 16 6 16 17 23
13 26 0 24 4 13 4 27
23 25 20 8 12 12 26 11
6 30 13 27 8 27 25 23
8 26 19 29 12 2 9 10
10 18 1 15 30 8 17 4
16 26 12 22 9 1 6 28
15 22 27 23 9 27 13 25
12 11 25 8 12 24 7 26
10 24 10 19 9 10 3 19
19 13 17 30 4 10 26 9
8 6 7 1 21 8 14 18
7 11 17 0 16 30 16 18
4 1 1 11 12 26 9 20
14 22 3 21 16 26 28 4
18 27 3 27 1 5 2 17
25 6 3 7 6 8 9 30
25 5 9 1 16 16 13 20
10 0 26 2 8 21 26 8
13 14 18 26 14 9 23 20
22 17 1 25 2 9 24 19
27 2 8 6 4 16 15 15
4 26 1 30 28 4 13 0
19 22 7 20 29 22 27 29
19 12 5 18 22 0 30 26
0 4 15 4 17 30 17 14
28 27 1 13 16 10 7 21
7 29 13 19 3 28 17 25
4 23 7 5 2 18 3 19
